0.9999997550479127 0.0005454196894177372 -0.00043865872610825217 -0.00012167653767392039 -0.0005451819792753878 0.9999997045933129 0.0005418393652025338 0.0003010448708664626 0.0004389541263831861 -0.0005416000836458329 0.9999997569942831 0.0003608129918575287 0.0 0.0 0.0 1.0
0.998539155215408 -0.020598643958251193 0.049952490976802405 0.009590660221874714 0.02047012230785636 0.9997857111637469 0.003083154788456988 0.004070599097758532 -0.050005295523651544 -0.002056117173068094 0.9987468361851061 -0.007877674885094166 0.0 0.0 0.0 1.0
0.9909546863836562 -0.053403520610400976 0.12311325441267779 0.022736644372344017 0.052954072478941155 0.998572955847134 0.006922285856485242 0.012952624820172787 -0.12330724079940034 -0.0003403233731706953 0.9923684842107855 -0.03534902259707451 0.0 0.0 0.0 1.0
0.9869969307145176 -0.06370599779219013 0.14757575961606645 0.02724027819931507 0.0635253393378796 0.9979625367788629 0.005941925824760967 0.018431415781378746 -0.1476536157463298 0.0035101375758196645 0.9890329058618283 -0.04605412483215332 0.0 0.0 0.0 1.0
0.9774769095929335 -0.08464101999654212 0.19332560369650093 0.03510346636176109 0.08430310786114294 0.9963900870855714 0.009989012877691283 0.025258522480726242 -0.19347319534143242 0.0065339197472219605 0.9810838040959797 -0.06242658570408821 0.0 0.0 0.0 1.0
0.9721850887069339 -0.09342054770822467 0.21477605591327037 0.03919867426156998 0.09308644636039795 0.995589373697615 0.011692408905329783 0.028948722407221794 -0.21492107023686086 0.008625554353895266 0.9765933304454555 -0.07100891321897507 0.0 0.0 0.0 1.0
0.9530901449519316 -0.12328651078720132 0.2764409743089537 0.04708795249462128 0.12468252054672202 0.992116783233441 0.012591964414198298 0.04288165271282196 -0.27581414954472977 0.02246608011223783 0.9609484015845132 -0.09917762875556946 0.0 0.0 0.0 1.0
0.9366209815644387 -0.14259615703362818 0.320011676315885 0.04778824374079704 0.1451789571450294 0.989277578562281 0.01590418092138414 0.0498812235891819 -0.31884825133838135 0.03156277186400537 0.9472800980292202 -0.12015009671449661 0.0 0.0 0.0 1.0
0.9283968918924185 -0.15168490257667805 0.33922102231603657 0.050296057015657425 0.15500729534221386 0.9877591756283188 0.017451345012201372 0.05394328013062477 -0.33771578293222393 0.03637995852590949 0.940544814994569 -0.12915439903736115 0.0 0.0 0.0 1.0
0.9104870757781922 -0.16914591123484557 0.3773631478098328 0.05167950689792633 0.17476660082913453 0.9844152748866666 0.01957553995836501 0.06266765296459198 -0.3747931694242065 0.04812719857383494 0.9258584409731115 -0.14565220475196838 0.0 0.0 0.0 1.0
0.8799647720657702 -0.1941780452284008 0.43353994583345135 0.05070815980434418 0.20398147360952798 0.9786728157059499 0.024312092867476348 0.0739186704158783 -0.4290146341397695 0.0670403325378722 0.9008063253665057 -0.16825298964977264 0.0 0.0 0.0 1.0
0.8706683239482058 -0.2013896375855367 0.448752586034558 0.05303134396672249 0.21277424991522617 0.9767678899267824 0.02552660901407815 0.0789002925157547 -0.44346791109678957 0.07325778503279305 0.8932913907000017 -0.17816483974456787 0.0 0.0 0.0 1.0
0.8490304091758669 -0.21815720441621278 0.4812014086917221 0.05744103342294693 0.23154349384027983 0.9722894519909048 0.032261920379002426 0.08491437137126923 -0.47490522425619974 0.08402770500024113 0.8760161930725459 -0.19058068096637726 0.0 0.0 0.0 1.0
0.8389534144868314 -0.22642604912401854 0.4948620131629085 0.06123057007789612 0.2415571669232685 0.9697833988892427 0.03420956369045697 0.08987579494714737 -0.48765490144318585 0.09083723585608922 0.8682979288523146 -0.20010550320148468 0.0 0.0 0.0 1.0
0.8050734429707025 -0.24688460280251617 0.5393558585619477 0.06891810148954391 0.2650099659984099 0.9631802043231318 0.04531679064196775 0.09840749949216843 -0.5306849038625213 0.10645133391184042 0.8408576838916277 -0.2117936909198761 0.0 0.0 0.0 1.0
0.7873582344705025 -0.2580884583042448 0.5598726270686292 0.07752551138401031 0.2766857557250673 0.9594870593066427 0.053193755719000535 0.10448867827653885 -0.5509192349423269 0.11302623924904509 0.8268694370978099 -0.23050382733345032 0.0 0.0 0.0 1.0
0.7654109678398666 -0.27466430977736056 0.5819841665893305 0.09878162294626236 0.2931102542504256 0.9538875564653297 0.06469087298055175 0.11502069979906082 -0.5729157286018619 0.12107042218585494 0.8106229229093567 -0.2518317401409149 0.0 0.0 0.0 1.0
0.7610705094646186 -0.2803886526997797 0.5849392103808733 0.11098504811525345 0.29900437651317185 0.9518796222650124 0.06724259731885661 0.12122400850057602 -0.5756457758289959 0.12372302738544215 0.8082849439903848 -0.26269951462745667 0.0 0.0 0.0 1.0
0.746128277954045 -0.2862963508577042 0.6011048167857973 0.12169087678194046 0.30485154876998144 0.9495326521863335 0.0738463087930821 0.1279825121164322 -0.5919105798092041 0.12814891179944501 0.7957510469392985 -0.2823924720287323 0.0 0.0 0.0 1.0
0.7419278367623746 -0.2900825943833494 0.6044792612704016 0.13230690360069275 0.30887273884953026 0.9480729379035029 0.07586393334035967 0.1338903307914734 -0.5950972358075403 0.13042159952287768 0.7930003085665441 -0.2877596318721771 0.0 0.0 0.0 1.0
0.7274628133444538 -0.2969839327980558 0.6185453758674183 0.16198234260082245 0.3128125018428286 0.9458899744948901 0.08625828362946597 0.14513474702835083 -0.6106931938690624 0.1307390395546445 0.7810000723145238 -0.31752920150756836 0.0 0.0 0.0 1.0
0.7123565459096367 -0.30502954429322277 0.6320641680679957 0.18719400465488434 0.31833895736998524 0.9430688832651793 0.0963399525659646 0.16114138066768646 -0.625466580776151 0.132582258798417 0.7689040825014305 -0.34866294264793396 0.0 0.0 0.0 1.0
0.6988434357956506 -0.3106695534116346 0.6442843224291748 0.20403394103050232 0.3217508672350329 0.9410118699575434 0.10475228619134506 0.17113706469535828 -0.638822541069513 0.13409358900344454 0.7575781651326026 -0.37303394079208374 0.0 0.0 0.0 1.0
