0.9999997550479116 -0.0005451819792748814 0.0004389541263838135 0.00012168225175591915 0.0005454196894182418 0.9999997045933117 -0.0005416000836453234 -0.0003007830008098363 -0.0004386587261076234 0.0005418393652030418 0.9999997569942822 -0.0003610293966146498 0.0 0.0 0.0 1.0
0.9985391552293805 0.02047012230875898 -0.050005295524099956 -0.010053900878115755 -0.02059864395792454 0.9997857111657964 -0.0020561171780157806 -0.0038883696412456013 0.04995249097775587 0.0030831547835813776 0.9987468361970924 0.007376175212792876 0.0 0.0 0.0 1.0
0.9909546864912764 0.05295407248739451 -0.12330724081163713 -0.027575668971322735 -0.05340352061350686 0.9985729558641129 -0.00034032341272107846 -0.011731954096464955 0.12311325442722264 0.0069222858177241785 0.9923684843015844 0.032190411921672636 0.0 0.0 0.0 1.0
0.9869969304965535 0.06352533932231604 -0.14765361571438182 -0.03485699096032787 -0.06370599777965485 0.9979625367447098 0.003510137655308359 -0.016496837028742852 0.1475757595828134 0.005941925903712604 0.9890329056779922 0.04141952204781702 0.0 0.0 0.0 1.0
0.977476909497118 0.08430310785214336 -0.19347319532278742 -0.048520070766070504 -0.08464101998898008 0.9963900870702145 0.006533919782536479 -0.021788257912539327 0.19332560367722798 0.009989012912667093 0.9810838040155082 0.05420700564150141 0.0 0.0 0.0 1.0
0.9721850890648203 0.09308644639687788 -0.2149210703150227 -0.05606441195575392 -0.09342054774040578 0.9955893737543653 0.008625554222618122 -0.02454658756092184 0.2147760559932981 0.01169240877518168 0.9765933307466222 0.06058941411924621 0.0 0.0 0.0 1.0
0.9530901445483411 0.12468252050021085 -0.27581414942507315 -0.07758024931024643 -0.12328651072867954 0.9921167831656174 0.02246608026095813 -0.034510165418136285 0.27644097419469 0.012591964567101007 0.9609484012485314 0.08174758008029988 0.0 0.0 0.0 1.0
0.9366209814838972 0.14517895713429074 -0.3188482513101592 -0.09031082400932058 -0.14259615701960737 0.989277578548655 0.031562771893492075 -0.0387396860836153 0.32001167628914123 0.015904180952218062 0.9472800979622242 0.09772967939339214 0.0 0.0 0.0 1.0
0.928396891403794 0.155007295272786 -0.33771578274882424 -0.09867378390075111 -0.15168490248457794 0.9877591755447865 0.03637995870459908 -0.040955185700732116 0.3392210221429088 0.017451345200860256 0.9405448145888429 0.10347263762249269 0.0 0.0 0.0 1.0
0.9104870759861818 0.17476660086193724 -0.3747931695132152 -0.11259518728209592 -0.1691459112807083 0.9844152749228788 0.0481271984984443 -0.04593978496328894 0.37736314789287 0.019575539876443566 0.9258584411453847 0.11412462869692158 0.0 0.0 0.0 1.0
0.8799647738614959 0.20398147394339047 -0.429014635055741 -0.13188242867016345 -0.19417804570892247 0.9786728160250043 0.06704033189825406 -0.05121604569143424 0.43353994668172435 0.024312092140463093 0.900806326850442 0.12778222716406204 0.0 0.0 0.0 1.0
0.8706683240123385 0.2127742499276982 -0.44346791113104894 -0.14197105124926537 -0.20138963760365414 0.9767678899383028 0.07325778501006319 -0.05333534756667569 0.4487525860661967 0.02552660898782293 0.8932913907529163 0.13334110781498826 0.0 0.0 0.0 1.0
0.8490304114919371 0.2315434943527024 -0.4749052256122656 -0.15893831580335008 -0.21815720513399847 0.9722894524160207 0.08402770417902955 -0.05401611524878252 0.48120140995119637 0.03226191941617956 0.8760161949746189 0.13657155609720628 0.0 0.0 0.0 1.0
0.8389534149290049 0.24155716702622068 -0.4876549017128355 -0.1706621677724806 -0.22642604926851512 0.9697833989722062 0.09083723569939449 -0.05511882707291744 0.49486201341277025 0.03420956350382005 0.8682979292139191 0.14037589914829826 0.0 0.0 0.0 1.0
0.8050734447063279 0.265009966471324 -0.5306849050583614 -0.1939588162675282 -0.24688460343681848 0.9631802046509752 0.10645133330228529 -0.055223616560760136 0.5393558596805816 0.04531678990018 0.8408576853086303 0.13645745885432328 0.0 0.0 0.0 1.0
0.7873582342823672 0.2766857556692122 -0.5509192348052597 -0.21693987083720143 -0.2580884582319358 0.9594870592707987 0.1130262393154071 -0.054194114188599415 0.5598726269394837 0.05319375579970199 0.8268694369446323 0.14163401297132425 0.0 0.0 0.0 1.0
0.7654109656094608 0.29311025350879266 -0.5729157268718423 -0.253600648332863 -0.27466430886034876 0.9538875560269059 0.12107042298658663 -0.05209565272888309 0.581984164945531 0.06469087394598554 0.8106229211088134 0.13921045088671918 0.0 0.0 0.0 1.0
0.7610705119134029 0.2990043773522128 -0.5756457777483954 -0.2719358229775119 -0.28038865372961286 0.9518796227581975 0.12372302649793127 -0.05176973624636611 0.5849392122050245 0.06724259624916402 0.8082849459552691 0.13926513931274667 0.0 0.0 0.0 1.0
0.7461282716601425 0.3048515465011376 -0.5919105746522191 -0.2969637607098992 -0.28629634812884613 0.9495326509351639 0.12814891407380052 -0.05049563174689252 0.6011048118567527 0.07384631152652443 0.7957510418756268 0.14211409578230869 0.0 0.0 0.0 1.0
0.7419278339201422 0.30887273780317825 -0.5950972334530324 -0.3107622082646742 -0.2900825931300552 0.9480729373316134 0.13042160055408725 -0.051027797744652034 0.6044792590192213 0.07586393458103957 0.7930003062867894 0.13805924986373785 0.0 0.0 0.0 1.0
0.7274628256001447 0.3128125066310275 -0.6106932044151739 -0.3571490222269719 -0.29698393829804776 0.945889976928157 0.13073903505081053 -0.047661887072230937 0.618545386060426 0.08625827837517415 0.7810000821627044 0.13527782841638897 0.0 0.0 0.0 1.0
0.7123565573416425 0.31833896211214197 -0.6254665910072262 -0.402723478734569 -0.30502954956434436 0.9430688855278309 0.1325822545403962 -0.04864120034671393 0.6320641780368587 0.09633994772577723 0.7689040916860297 0.13424538634568606 0.0 0.0 0.0 1.0
0.6988434306952455 0.32175086501966693 -0.6388225363381609 -0.4359537661277041 -0.31066955100859495 0.941011868958517 0.13409359091886225 -0.04763341559116867 0.6442843177903238 0.10475228832103482 0.7575781610269325 0.13321949921960433 0.0 0.0 0.0 1.0
